% logfile for Python side
% 1 time (sec)
% 2 Mission state
% 3,4,5 (x,y,h) (m,m,rad)
% 6 Camera frame count
% 7-9 Line sensor: line position, e*kp, control y (rad/s), validCnt
%     Line sensor: Kp=1.0, tau_z=0.8s, tau_p=0.25s
% 10,11 trip A (distance and heading change)
% 12,13 trip B (distance and heading change)
% 1770386402.6303144 robobot/cmd/ti alive 2026-02-06 15:00:02.565955
% 1770386402.6307545 robobot/cmd/ti log 1
1770386402.67487 0 -0.000 -0.000 0.000 0 0.00 0.00 0.000 0.000 0 0.000 0.000 0.0000 0.0000
1770386402.721548 0 -0.000 -0.000 0.000 0 0.00 0.00 0.000 0.000 0 0.000 0.000 0.0000 0.0000
1770386402.725802 0 -0.000 -0.000 0.000 0 0.00 0.00 0.000 0.000 0 0.000 0.000 0.0000 0.0000
1770386402.7746522 0 -0.000 -0.000 0.000 0 0.00 0.00 0.000 0.000 0 0.000 0.000 0.0000 0.0000
% 1770386402.7827313 robobot/cmd/T0 enc0
% 1770386402.7835763 robobot/cmd/T0 confw 0.074 0.074 19 92 0.23
% 1770386402.7838655 robobot/cmd/T0 confi
1770386402.8210974 0 0.000 0.000 0.000 0 0.00 0.00 0.000 0.000 0 0.000 0.000 0.0000 0.0000
1770386402.8244019 0 0.000 0.000 0.000 0 0.00 0.00 0.000 0.000 0 0.000 0.000 0.0000 0.0000
1770386402.8747864 0 0.000 0.000 0.000 0 0.00 0.00 0.000 0.000 0 0.000 0.000 0.0000 0.0000
1770386402.9212334 0 0.000 0.000 0.000 0 0.00 0.00 0.000 0.000 0 0.000 0.000 0.0000 0.0000
1770386402.924763 0 0.000 0.000 0.000 0 0.00 0.00 0.000 0.000 0 0.000 0.000 0.0000 0.0000
1770386402.9754386 0 0.000 0.000 0.000 0 0.00 0.00 0.000 0.000 0 0.000 0.000 0.0000 0.0000
1770386403.021482 0 0.000 0.000 0.000 0 0.00 0.00 0.000 0.000 0 0.000 0.000 0.0000 0.0000
1770386403.025228 0 0.000 0.000 0.000 0 0.00 0.00 0.000 0.000 0 0.000 0.000 0.0000 0.0000
1770386403.0746455 0 0.000 0.000 0.000 0 0.00 0.00 0.000 0.000 0 0.000 0.000 0.0000 0.0000
% 1770386403.1134148 robobot/cmd/T0 lip 1
% 1770386403.1146283 robobot/cmd/T0 sub livn 10
1770386403.120931 0 0.000 0.000 0.000 0 0.00 0.00 0.000 0.000 0 0.000 0.000 0.0000 0.0000
1770386403.1245308 0 0.000 0.000 0.000 0 0.00 0.00 0.000 0.000 0 0.000 0.000 0.0000 0.0000
% 1770386403.1321692 robobot/cmd/ti alive 2026-02-06 15:00:02.565955
% 1770386403.1350863 robobot/cmd/T0 liwi
% 1770386403.1565833 robobot/cmd/T0 leds 16 30 30 0
% 1770386403.15759 robobot/cmd/T0 leds 16 0 0 30
% 1770386403.1579525 robobot/cmd/ti rc 0.25 0.0
% 1770386403.1582508 robobot/cmd/T0 servo 1 100 300
% 1770386403.1583016 % State change from -1 to 12
1770386403.1749525 0 0.000 -0.000 0.000 1 0.00 0.00 0.000 0.000 0 0.000 0.000 0.0000 0.0000
1770386403.2209735 0 0.004 -0.000 -0.000 1 0.00 0.00 0.000 0.000 0 0.002 0.000 0.0022 0.0000
1770386403.2247877 0 0.004 -0.000 -0.001 1 0.00 0.00 0.000 0.000 0 0.003 -0.001 0.0029 -0.0012
1770386403.2752116 0 0.012 -0.000 -0.001 1 0.00 0.00 0.000 0.000 0 0.010 -0.001 0.0102 -0.0012
1770386403.3233812 0 0.022 -0.000 -0.007 1 0.00 0.00 0.000 0.000 0 0.021 -0.007 0.0206 -0.0069
1770386403.3249621 0 0.023 -0.000 -0.008 1 0.00 0.00 0.000 0.000 0 0.021 -0.008 0.0206 -0.0081
1770386403.375364 0 0.038 -0.000 -0.016 1 0.00 0.00 0.000 0.000 0 0.033 -0.016 0.0332 -0.0162
1770386403.4213321 0 0.050 -0.000 -0.020 1 0.00 0.00 0.000 0.000 0 0.047 -0.020 0.0469 -0.0197
1770386403.4249694 0 0.052 -0.000 -0.020 1 0.00 0.00 0.000 0.000 0 0.049 -0.020 0.0493 -0.0197
1770386403.4758677 0 0.067 -0.001 -0.029 1 0.00 0.00 0.000 0.000 0 0.064 -0.029 0.0638 -0.0289
1770386403.522326 0 0.080 -0.001 -0.039 1 0.00 0.00 0.000 0.000 0 0.078 -0.039 0.0780 -0.0393
1770386403.5253744 0 0.082 -0.001 -0.041 1 0.00 0.00 0.000 0.000 0 0.078 -0.041 0.0780 -0.0405
1770386403.575094 0 0.096 -0.002 -0.051 1 0.00 0.00 0.000 0.000 0 0.092 -0.051 0.0918 -0.0509
1770386403.621184 0 0.108 -0.003 -0.057 1 0.00 0.00 0.000 0.000 0 0.105 -0.057 0.1049 -0.0567
1770386403.6259754 0 0.110 -0.003 -0.057 1 0.00 0.00 0.000 0.000 0 0.107 -0.057 0.1071 -0.0567
% 1770386403.6333618 robobot/cmd/ti alive 2026-02-06 15:00:02.565955
1770386403.6758654 0 0.123 -0.004 -0.062 1 0.00 0.00 0.000 0.000 0 0.120 -0.062 0.1200 -0.0625
1770386403.7223713 0 0.134 -0.004 -0.065 1 0.00 0.00 0.000 0.000 0 0.132 -0.065 0.1321 -0.0648
1770386403.7252538 0 0.135 -0.004 -0.066 1 0.00 0.00 0.000 0.000 0 0.132 -0.066 0.1321 -0.0659
1770386403.7760956 0 0.148 -0.005 -0.065 1 0.00 0.00 0.000 0.000 0 0.144 -0.065 0.1439 -0.0648
1770386403.8213153 0 0.158 -0.006 -0.062 1 0.00 0.00 0.000 0.000 0 0.156 -0.062 0.1556 -0.0625
1770386403.8258479 0 0.160 -0.006 -0.061 1 0.00 0.00 0.000 0.000 0 0.158 -0.061 0.1575 -0.0613
1770386403.8763058 0 0.172 -0.007 -0.057 1 0.00 0.00 0.000 0.000 0 0.169 -0.057 0.1690 -0.0567
1770386403.9222333 0 0.182 -0.007 -0.050 1 0.00 0.00 0.000 0.000 0 0.180 -0.050 0.1803 -0.0497
1770386403.926214 0 0.184 -0.007 -0.049 1 0.00 0.00 0.000 0.000 0 0.180 -0.049 0.1803 -0.0486
1770386403.9760342 0 0.195 -0.008 -0.043 1 0.00 0.00 0.000 0.000 0 0.192 -0.043 0.1917 -0.0428
1770386404.020999 0 0.206 -0.008 -0.037 1 0.00 0.00 0.000 0.000 0 0.203 -0.037 0.2033 -0.0370
1770386404.025507 0 0.207 -0.008 -0.037 1 0.00 0.00 0.000 0.000 0 0.205 -0.037 0.2052 -0.0370
1770386404.0763507 0 0.219 -0.009 -0.030 1 0.00 0.00 0.000 0.000 0 0.217 -0.030 0.2165 -0.0301
1770386404.122347 0 0.230 -0.009 -0.027 1 0.00 0.00 0.000 0.000 0 0.228 -0.027 0.2280 -0.0266
1770386404.1264343 0 0.231 -0.009 -0.027 1 0.00 0.00 0.000 0.000 0 0.228 -0.027 0.2280 -0.0266
% 1770386404.1345823 robobot/cmd/ti alive 2026-02-06 15:00:02.565955
1770386404.1759882 0 0.244 -0.009 -0.020 1 0.00 0.00 0.000 0.000 0 0.240 -0.020 0.2399 -0.0197
1770386404.2220092 0 0.254 -0.010 -0.016 1 0.00 0.00 0.000 0.000 0 0.252 -0.016 0.2518 -0.0162
1770386404.2265513 0 0.256 -0.010 -0.015 1 0.00 0.00 0.000 0.000 0 0.254 -0.015 0.2537 -0.0150
1770386404.2753959 0 0.268 -0.010 -0.012 1 0.00 0.00 0.000 0.000 0 0.265 -0.012 0.2654 -0.0116
1770386404.3223426 0 0.279 -0.010 -0.008 1 0.00 0.00 0.000 0.000 0 0.277 -0.008 0.2773 -0.0081
1770386404.3265266 0 0.280 -0.010 -0.007 1 0.00 0.00 0.000 0.000 0 0.277 -0.007 0.2773 -0.0069
1770386404.3761287 0 0.293 -0.010 -0.004 1 0.00 0.00 0.000 0.000 0 0.289 -0.004 0.2891 -0.0035
1770386404.4211795 0 0.304 -0.010 -0.001 1 0.00 0.00 0.000 0.000 0 0.301 -0.001 0.3013 -0.0012
1770386404.4267592 0 0.305 -0.010 -0.000 1 0.00 0.00 0.000 0.000 0 0.303 0.000 0.3033 0.0000
1770386404.4766815 0 0.318 -0.010 0.001 1 0.00 0.00 0.000 0.000 0 0.315 0.001 0.3153 0.0012
1770386404.5219762 0 0.329 -0.010 0.005 1 0.00 0.00 0.000 0.000 0 0.327 0.005 0.3272 0.0046
1770386404.5265307 0 0.330 -0.010 0.005 1 0.00 0.00 0.000 0.000 0 0.327 0.005 0.3272 0.0046
1770386404.576451 0 0.343 -0.010 0.009 1 0.00 0.00 0.000 0.000 0 0.341 0.009 0.3409 0.0093
1770386404.6220856 0 0.354 -0.010 0.010 1 0.00 0.00 0.000 0.000 0 0.351 0.010 0.3509 0.0104
1770386404.6266174 0 0.355 -0.010 0.010 1 0.00 0.00 0.000 0.000 0 0.353 0.010 0.3531 0.0104
% 1770386404.6356835 robobot/cmd/ti alive 2026-02-06 15:00:02.565955
1770386404.677352 0 0.368 -0.010 0.012 1 0.00 0.00 0.000 0.000 0 0.365 0.012 0.3649 0.0116
1770386404.7224143 0 0.380 -0.009 0.015 1 0.00 0.00 0.000 0.000 0 0.378 0.015 0.3776 0.0150
1770386404.726866 0 0.381 -0.009 0.015 1 0.00 0.00 0.000 0.000 0 0.378 0.015 0.3776 0.0150
1770386404.7768636 0 0.393 -0.009 0.018 1 0.00 0.00 0.000 0.000 0 0.392 0.018 0.3919 0.0185
1770386404.82139 0 0.405 -0.009 0.021 1 0.00 0.00 0.000 0.000 0 0.402 0.021 0.4021 0.0208
1770386404.8265126 0 0.406 -0.009 0.021 1 0.00 0.00 0.000 0.000 0 0.404 0.021 0.4039 0.0208
1770386404.8772752 0 0.419 -0.009 0.024 1 0.00 0.00 0.000 0.000 0 0.416 0.024 0.4163 0.0243
1770386404.9221976 0 0.431 -0.008 0.028 1 0.00 0.00 0.000 0.000 0 0.428 0.028 0.4284 0.0278
1770386404.9264297 0 0.432 -0.008 0.028 1 0.00 0.00 0.000 0.000 0 0.428 0.028 0.4284 0.0278
1770386404.9773228 0 0.444 -0.008 0.030 1 0.00 0.00 0.000 0.000 0 0.442 0.030 0.4425 0.0301
1770386405.0215206 0 0.456 -0.008 0.031 1 0.00 0.00 0.000 0.000 0 0.453 0.031 0.4527 0.0312
1770386405.0271301 0 0.457 -0.008 0.032 1 0.00 0.00 0.000 0.000 0 0.454 0.032 0.4545 0.0324
1770386405.0768793 0 0.469 -0.007 0.034 1 0.00 0.00 0.000 0.000 0 0.467 0.034 0.4665 0.0335
1770386405.12246 0 0.481 -0.007 0.037 1 0.00 0.00 0.000 0.000 0 0.479 0.037 0.4788 0.0370
1770386405.12705 0 0.482 -0.007 0.037 1 0.00 0.00 0.000 0.000 0 0.479 0.037 0.4788 0.0370
% 1770386405.137263 robobot/cmd/ti alive 2026-02-06 15:00:02.565955
1770386405.1769335 0 0.495 -0.006 0.038 1 0.00 0.00 0.000 0.000 0 0.493 0.038 0.4931 0.0382
1770386405.221736 0 0.506 -0.006 0.041 1 0.00 0.00 0.000 0.000 0 0.503 0.041 0.5033 0.0405
1770386405.2273529 0 0.507 -0.006 0.041 1 0.00 0.00 0.000 0.000 0 0.505 0.041 0.5051 0.0405
% 1770386405.2607841 robobot/cmd/ti rc 0.1 0.5
% 1770386405.2609792 robobot/cmd/T0 servo 1 -800 1000
% 1770386405.260997 % State change from 12 to 14
1770386405.2773292 0 0.520 -0.005 0.043 1 0.00 0.00 0.000 0.000 0 0.518 0.043 0.0043 0.0012
1770386405.3227432 0 0.530 -0.005 0.051 1 0.00 0.00 0.000 0.000 0 0.528 0.051 0.0144 0.0093
1770386405.3270712 0 0.531 -0.005 0.051 1 0.00 0.00 0.000 0.000 0 0.528 0.051 0.0144 0.0093
1770386405.3780901 0 0.539 -0.004 0.058 1 0.00 0.00 0.000 0.000 0 0.537 0.058 0.0241 0.0162
1770386405.4226217 0 0.543 -0.004 0.064 1 0.00 0.00 0.000 0.000 0 0.542 0.064 0.0285 0.0220
1770386405.4277525 0 0.544 -0.004 0.066 1 0.00 0.00 0.000 0.000 0 0.543 0.066 0.0292 0.0243
1770386405.4776921 0 0.547 -0.004 0.077 1 0.00 0.00 0.000 0.000 0 0.546 0.077 0.0329 0.0359
1770386405.522629 0 0.549 -0.004 0.089 1 0.00 0.00 0.000 0.000 0 0.549 0.089 0.0356 0.0474
1770386405.5271394 0 0.549 -0.003 0.092 1 0.00 0.00 0.000 0.000 0 0.549 0.092 0.0356 0.0509
1770386405.577291 0 0.552 -0.003 0.109 1 0.00 0.00 0.000 0.000 0 0.552 0.109 0.0383 0.0671
1770386405.6222208 0 0.554 -0.003 0.128 1 0.00 0.00 0.000 0.000 0 0.554 0.128 0.0409 0.0868
1770386405.6281054 0 0.555 -0.003 0.134 1 0.00 0.00 0.000 0.000 0 0.555 0.134 0.0415 0.0926
% 1770386405.6384218 robobot/cmd/ti alive 2026-02-06 15:00:02.565955
1770386405.677496 0 0.559 -0.002 0.164 1 0.00 0.00 0.000 0.000 0 0.559 0.164 0.0455 0.1226
1770386405.7219682 0 0.564 -0.001 0.189 1 0.00 0.00 0.000 0.000 0 0.564 0.189 0.0506 0.1469
1770386405.727799 0 0.565 -0.001 0.195 1 0.00 0.00 0.000 0.000 0 0.564 0.195 0.0506 0.1538
1770386405.777833 0 0.570 -0.000 0.223 1 0.00 0.00 0.000 0.000 0 0.570 0.223 0.0567 0.1816
1770386405.821653 0 0.574 0.001 0.247 1 0.00 0.00 0.000 0.000 0 0.575 0.247 0.0616 0.2059
1770386405.827504 0 0.575 0.001 0.256 1 0.00 0.00 0.000 0.000 0 0.576 0.256 0.0624 0.2140
1770386405.8774014 0 0.580 0.003 0.280 1 0.00 0.00 0.000 0.000 0 0.581 0.280 0.0677 0.2383
1770386405.9227538 0 0.584 0.004 0.301 1 0.00 0.00 0.000 0.000 0 0.586 0.301 0.0724 0.2591
1770386405.9276807 0 0.585 0.004 0.305 1 0.00 0.00 0.000 0.000 0 0.586 0.305 0.0724 0.2637
1770386405.977619 0 0.590 0.006 0.327 1 0.00 0.00 0.000 0.000 0 0.592 0.327 0.0783 0.2857
1770386406.0223114 0 0.594 0.007 0.348 1 0.00 0.00 0.000 0.000 0 0.595 0.348 0.0822 0.3065
1770386406.0282938 0 0.595 0.007 0.353 1 0.00 0.00 0.000 0.000 0 0.596 0.353 0.0830 0.3111
1770386406.0776153 0 0.599 0.009 0.379 1 0.00 0.00 0.000 0.000 0 0.601 0.379 0.0875 0.3377
1770386406.1282175 0 0.602 0.010 0.401 1 0.00 0.00 0.000 0.000 0 0.605 0.401 0.0920 0.3597
1770386406.1285162 0 0.603 0.011 0.405 1 0.00 0.00 0.000 0.000 0 0.605 0.405 0.0920 0.3632
% 1770386406.1396556 robobot/cmd/ti alive 2026-02-06 15:00:02.565955
1770386406.1776075 0 0.608 0.013 0.429 1 0.00 0.00 0.000 0.000 0 0.611 0.429 0.0978 0.3875
1770386406.2224503 0 0.611 0.014 0.449 1 0.00 0.00 0.000 0.000 0 0.615 0.449 0.1016 0.4071
1770386406.2282927 0 0.612 0.015 0.453 1 0.00 0.00 0.000 0.000 0 0.616 0.453 0.1025 0.4117
1770386406.2775455 0 0.616 0.017 0.480 1 0.00 0.00 0.000 0.000 0 0.620 0.480 0.1071 0.4383
1770386406.3229768 0 0.620 0.019 0.500 1 0.00 0.00 0.000 0.000 0 0.625 0.500 0.1119 0.4580
1770386406.3277075 0 0.620 0.019 0.504 1 0.00 0.00 0.000 0.000 0 0.625 0.504 0.1119 0.4626
1770386406.37826 0 0.625 0.022 0.531 1 0.00 0.00 0.000 0.000 0 0.631 0.531 0.1174 0.4892
1770386406.4221654 0 0.628 0.024 0.547 1 0.00 0.00 0.000 0.000 0 0.635 0.547 0.1216 0.5054
1770386406.4280937 0 0.629 0.024 0.553 1 0.00 0.00 0.000 0.000 0 0.636 0.553 0.1223 0.5112
1770386406.4787056 0 0.633 0.027 0.581 1 0.00 0.00 0.000 0.000 0 0.640 0.581 0.1271 0.5390
1770386406.5226147 0 0.636 0.029 0.603 1 0.00 0.00 0.000 0.000 0 0.645 0.603 0.1320 0.5609
1770386406.5282466 0 0.637 0.029 0.607 1 0.00 0.00 0.000 0.000 0 0.645 0.607 0.1320 0.5656
1770386406.5790308 0 0.641 0.032 0.631 1 0.00 0.00 0.000 0.000 0 0.650 0.631 0.1371 0.5898
1770386406.6227813 0 0.644 0.035 0.646 1 0.00 0.00 0.000 0.000 0 0.655 0.646 0.1413 0.6049
1770386406.6288712 0 0.645 0.035 0.652 1 0.00 0.00 0.000 0.000 0 0.655 0.652 0.1421 0.6107
% 1770386406.6408157 robobot/cmd/ti alive 2026-02-06 15:00:02.565955
1770386406.6783643 0 0.649 0.038 0.676 1 0.00 0.00 0.000 0.000 0 0.660 0.676 0.1468 0.6349
1770386406.7230186 0 0.652 0.041 0.699 1 0.00 0.00 0.000 0.000 0 0.665 0.699 0.1517 0.6569
1770386406.7286177 0 0.652 0.041 0.706 1 0.00 0.00 0.000 0.000 0 0.665 0.706 0.1517 0.6639
1770386406.778754 0 0.656 0.044 0.731 1 0.00 0.00 0.000 0.000 0 0.670 0.731 0.1569 0.6893
1770386406.8221729 0 0.659 0.047 0.748 1 0.00 0.00 0.000 0.000 0 0.674 0.748 0.1610 0.7066
1770386406.8291154 0 0.660 0.048 0.755 1 0.00 0.00 0.000 0.000 0 0.675 0.755 0.1617 0.7136
1770386406.8786204 0 0.663 0.051 0.781 1 0.00 0.00 0.000 0.000 0 0.680 0.781 0.1664 0.7390
1770386406.9227858 0 0.666 0.054 0.800 1 0.00 0.00 0.000 0.000 0 0.685 0.800 0.1717 0.7587
1770386406.9283438 0 0.667 0.054 0.807 1 0.00 0.00 0.000 0.000 0 0.685 0.807 0.1717 0.7656
1770386406.9789593 0 0.670 0.058 0.829 1 0.00 0.00 0.000 0.000 0 0.691 0.829 0.1773 0.7876
1770386407.0221741 0 0.672 0.061 0.855 1 0.00 0.00 0.000 0.000 0 0.695 0.855 0.1813 0.8130
1770386407.0290613 0 0.673 0.062 0.860 1 0.00 0.00 0.000 0.000 0 0.695 0.860 0.1820 0.8188
1770386407.0785997 0 0.676 0.066 0.881 1 0.00 0.00 0.000 0.000 0 0.700 0.881 0.1867 0.8396
1770386407.1227586 0 0.679 0.068 0.904 1 0.00 0.00 0.000 0.000 0 0.705 0.904 0.1918 0.8628
1770386407.1293242 0 0.679 0.069 0.911 1 0.00 0.00 0.000 0.000 0 0.705 0.911 0.1918 0.8697
% 1770386407.141959 robobot/cmd/ti alive 2026-02-06 15:00:02.565955
1770386407.179436 0 0.682 0.073 0.932 1 0.00 0.00 0.000 0.000 0 0.711 0.932 0.1975 0.8905
1770386407.2230303 0 0.684 0.076 0.958 1 0.00 0.00 0.000 0.000 0 0.715 0.958 0.2014 0.9160
1770386407.2295053 0 0.685 0.077 0.965 1 0.00 0.00 0.000 0.000 0 0.715 0.965 0.2022 0.9229
1770386407.279388 0 0.688 0.081 0.984 1 0.00 0.00 0.000 0.000 0 0.720 0.984 0.2067 0.9426
1770386407.3230631 0 0.690 0.084 1.007 1 0.00 0.00 0.000 0.000 0 0.725 1.007 0.2115 0.9657
1770386407.3286822 0 0.690 0.085 1.011 1 0.00 0.00 0.000 0.000 0 0.725 1.011 0.2115 0.9692
1770386407.3787382 0 0.693 0.089 1.033 1 0.00 0.00 0.000 0.000 0 0.731 1.033 0.2174 0.9911
1770386407.4224818 0 0.695 0.092 1.059 1 0.00 0.00 0.000 0.000 0 0.735 1.059 0.2214 1.0177
1770386407.428551 0 0.695 0.093 1.064 1 0.00 0.00 0.000 0.000 0 0.735 1.064 0.2222 1.0224
1770386407.4797633 0 0.698 0.098 1.088 1 0.00 0.00 0.000 0.000 0 0.740 1.088 0.2271 1.0467
1770386407.5231967 0 0.699 0.101 1.114 1 0.00 0.00 0.000 0.000 0 0.745 1.114 0.2316 1.0721
1770386407.5292006 0 0.700 0.102 1.118 1 0.00 0.00 0.000 0.000 0 0.745 1.118 0.2316 1.0767
1770386407.5799708 0 0.702 0.107 1.138 1 0.00 0.00 0.000 0.000 0 0.751 1.138 0.2375 1.0964
1770386407.6226153 0 0.703 0.109 1.163 1 0.00 0.00 0.000 0.000 0 0.755 1.163 0.2413 1.1218
1770386407.6294224 0 0.704 0.110 1.168 1 0.00 0.00 0.000 0.000 0 0.755 1.168 0.2420 1.1265
% 1770386407.6432676 robobot/cmd/ti alive 2026-02-06 15:00:02.565955
1770386407.680073 0 0.706 0.115 1.190 1 0.00 0.00 0.000 0.000 0 0.760 1.190 0.2470 1.1484
1770386407.7233083 0 0.707 0.118 1.216 1 0.00 0.00 0.000 0.000 0 0.765 1.216 0.2516 1.1739
1770386407.7301438 0 0.707 0.119 1.221 1 0.00 0.00 0.000 0.000 0 0.765 1.221 0.2516 1.1797
1770386407.7801747 0 0.709 0.124 1.241 1 0.00 0.00 0.000 0.000 0 0.770 1.241 0.2572 1.1993
1770386407.8225033 0 0.710 0.128 1.264 1 0.00 0.00 0.000 0.000 0 0.774 1.264 0.2611 1.2224
1770386407.829585 0 0.710 0.129 1.268 1 0.00 0.00 0.000 0.000 0 0.775 1.268 0.2619 1.2259
1770386407.8794172 0 0.712 0.134 1.293 1 0.00 0.00 0.000 0.000 0 0.780 1.293 0.2668 1.2514
1770386407.9229984 0 0.713 0.137 1.318 1 0.00 0.00 0.000 0.000 0 0.785 1.318 0.2716 1.2768
1770386407.9303658 0 0.713 0.138 1.322 1 0.00 0.00 0.000 0.000 0 